TABVLA EPISTOLARVM.

ML
111
213

F. 11.
28Πὸ
29189

3 Manutepfflm 30 111

41112
5Π13
616
wamma
81114
9Manut11118
101115
11111
12116
13119
14147
15128
161Π12
171Π13
18139
19131
20132
21133
221Π14
23188
24Π117
25185
26165
27184

31 Π119
32 149
33 134
34 135
35 153
36 159
37 116563
38 „ 4
39 160
40 161
41 162
42 ,46565
43 163
44 164
45 193
46 194
47 136
48 137
49 195
50 ΙΠ21
51 141
52 11123
53 11125
54 123

——a

F. M.

55 179
56 180
57 181
58 Π163
59 ΙΠ70
60 166
61 ΠΙ 26
62 197
63 167
64 ΙΠ27 .
65 1Π28
66 1Π35
67 Π129
68 1Π47
69 ΙΠ32
70 1Π33
71 11182
72 11160
73 1Π57
74 1Π71
75 1Π67
76 Π140
77 1Π41
78 Π142
79 Π144
80 11156
61 Π173

 

