1,, '051

RQ} 1119199 9199 (9.991191111991919999

θ199 111 999 99919

9199999999 99999991119999

= 1199 19919 111 991 1119199 119 119. Q 9191111911 1119181911
⁶¹² 1999.199191) 6119999199 9199. 1111911991. 1901. 39

1199199919199919999999 310.

1191 11911991 119111 119911 119 91111 1991 9111191911 911 91191191 111· 919 9111,
9999199991999119999919

9999999999 9991999999.

999999 91999 999 9999199 99999 9999.

91919111 119 9111199199 919119.9111111199 1111181119 ³
9999191191). 9999999999199. 1901. 3919199999

y 1999999999 99 390

, 991 91191991191119 91ῆ1ῐ1 111911 11 199ῗι1ω919ξᾶ911119ὲὶ9θ1ε9191919 1111·
&Qu te ῐπ9191991999199199991999 992 9999119999 9199919991 9199199919ῦὲ 9

191, 11119191 9111111919 1111 11199111991119 119999 1119 1119111911 99 9119919119 11119991 ¹
911 6312 919, 911 91119 991 199 911 19111191 919111 119 91111ᾶ 91 11119 1111111 91111111 1

9119999111 1111111 111911 19 1111119191 1111 91111. 1119111111 99111991, xm, 9 15.)

. 9911111999 199999

9999999999 9199 999999.

(19911911 119 9919999199 919 1199. 1111111119. 1111111911 ¹ ἶ

9999991999919999991199 19013191191991911119 ·

91119 1991 1999919999 A 3 60.

9111999119,1191111199911919991111“ 1999911 1911119Η 111111919911191191
9199111111991111111199111111999199111 9999111 11111911 B§3115 191, 91119 1111111111 ’

1111 11199911919111 9111999919 999 1111 191119 99 9199119 ..1110919 999 11911·1
1111919119 99911911, 99119191991911199991199,991191911911119111111111 1999111119. 1
119 11119· 9199919 1111991 1911111 ee 1111 199 19 911 19111119. 111 991991 19991191 5
99199911991199199191111119 911 1191111111 99, 99919199 11 911 919111199119111 ,
⁴ 91111199111199191111911911,911 9911911111919919111991118911199119991199 5
' · “ · ’ 9199111 9911191199111111919119991111119, 1191991919 1
1999119919991191..1119119111 1

1111991919199119119 9111199111 9119

 

